Date,Time,GPS,GSpd(kmh),Hdg(@),Alt(m),Sats,1RSS(dB),2RSS(dB),RQly(%),RSNR(dB),ANT,RFMD,TPWR(mW),TRSS(dB),TQly(%),TSNR(dB),Ptch(rad),Roll(rad),Yaw(rad),RxBt(V),Curr(A),Capa(mAh),Bat%(%),FM,Rud,Ele,Thr,Ail,S1,6P,S2,EX1,EX2,EX3,EX4,LS,RS,SA,SB,SC,SD,SE,SF,SG,SH,LSW,TxBat(V)
2023-03-20,12:08:24.730,38.490861 -77.923736,0.3,13.11,0,9,75,75,100,28,0,2,100,74,100,25,-0.03,0.00,-1.47,23.9,0.8,529,86,0,-4,4,-1024,1,-11,-1024,-122,0,0,0,0,1024,15,-1,-1,-1,-1,-1,1,-1,-1,0x0000000000000000,8.0
2023-03-20,12:08:26.220,38.490862 -77.923737,0.8,13.11,0,9,71,71,100,35,0,2,100,80,100,25,-0.03,0.00,-1.47,23.8,0.6,529,86,0,-4,2,-1024,1,-11,-1024,-122,0,0,0,0,1024,15,-1,-1,-1,-1,-1,1,-1,-1,0x0000000000000000,8.0
2023-03-20,12:08:27.720,38.490863 -77.923738,0.3,13.11,0,9,69,69,100,35,0,2,100,74,99,27,-0.03,0.00,-1.46,23.8,0.4,529,86,0,-6,4,-1024,0,-11,-1024,-122,0,0,0,0,1024,15,-1,-1,-1,-1,-1,1,-1,-1,0x0000000000000000,8.0
2023-03-20,12:08:29.220,38.490864 -77.923738,0.4,13.11,0,9,69,69,100,35,0,2,100,79,98,25,-0.03,0.00,-1.46,23.8,0.4,529,86,0,-4,2,-773,1,-11,-1024,-122,0,0,0,0,1024,15,-1,-1,-1,-1,-1,1,-1,-1,0x0000000000000000,8.0
2023-03-20,12:08:30.720,38.490865 -77.923737,1.5,13.11,0,9,47,47,100,59,0,2,25,48,100,52,0.21,0.00,-1.46,22.8,23.1,532,86,0,-5,5,239,0,-11,-1024,-122,0,0,0,0,1024,15,-1,-1,-1,-1,-1,1,-1,-1,0x0000000000000000,8.0
2023-03-20,12:08:32.220,38.490830 -77.923710,17.0,17.83,10,8,58,58,100,48,0,2,25,56,100,46,0.39,0.38,-0.68,22.6,11.8,540,86,0,273,96,-189,318,-11,-1024,-122,0,0,0,0,1024,15,-1,-1,-1,-1,-1,1,-1,-1,0x0000000000000000,8.0
2023-03-20,12:08:33.720,38.490802 -77.923757,20.1,27.14,21,9,60,60,100,41,0,2,25,59,100,42,0.72,0.37,0.04,23.1,7.3,543,86,0,109,8,-286,-8,-11,-1024,-122,0,0,0,0,1024,15,-1,-1,-1,-1,-1,1,-1,-1,0x0000000000000000,8.0
2023-03-20,12:08:35.220,38.490856 -77.923926,52.7,29.72,27,9,65,65,100,40,0,2,25,61,100,37,0.53,-0.11,0.04,21.8,22.8,551,86,0,50,270,101,-5,-11,-1024,-122,0,0,0,0,1024,15,-1,-1,-1,-1,-1,1,-1,-1,0x0000000000000000,8.0
2023-03-20,12:08:36.720,38.490945 -77.924188,77.8,29.03,35,9,65,65,100,41,0,2,25,60,100,38,0.51,-0.25,-0.20,20.3,42.0,564,85,0,-4,-76,564,-92,-11,-1024,-122,0,0,0,0,1024,15,-1,-1,-1,-1,-1,1,-1,-1,0x0000000000000000,8.0
2023-03-20,12:08:38.220,38.491022 -77.924605,88.3,27.93,50,9,63,63,100,40,0,2,100,68,98,31,0.96,-0.27,-0.51,20.2,34.1,581,85,0,-8,-27,518,-2,-11,-1024,-122,0,0,0,0,1024,15,-1,-1,-1,-1,-1,1,-1,-1,0x0000000000000000,8.0
2023-03-20,12:08:39.720,38.491061 -77.924988,89.5,27.47,58,9,64,64,100,35,0,2,100,73,100,23,0.91,-0.38,-0.75,20.6,31.5,593,85,0,-23,-78,449,-100,-11,-1024,-122,0,0,0,0,1024,15,-1,-1,-1,-1,-1,1,-1,-1,0x0000000000000000,8.0
2023-03-20,12:08:41.220,38.491060 -77.925454,96.9,26.65,60,9,71,71,100,36,0,2,100,72,100,32,0.76,-0.26,-1.07,20.1,33.9,607,84,0,-15,-92,463,-28,-11,-1024,-122,0,0,0,0,1024,15,-1,-1,-1,-1,-1,1,-1,-1,0x0000000000000000,8.0
2023-03-20,12:08:42.720,38.491026 -77.925882,96.5,26.33,61,9,71,71,100,32,0,2,100,72,98,25,0.64,-0.20,-1.27,19.9,36.0,623,84,0,-58,2,479,0,-11,-1024,-122,0,0,0,0,1024,15,-1,-1,-1,-1,-1,1,-1,-1,0x0000000000000000,8.0
2023-03-20,12:08:44.220,38.490980 -77.926298,93.2,26.11,66,10,71,71,100,34,0,2,100,74,98,22,0.68,-0.10,-1.51,19.7,37.8,639,84,0,-51,35,544,-5,-11,-1024,-122,0,0,0,0,1024,15,-1,-1,-1,-1,-1,1,-1,-1,0x0000000000000000,8.0
2023-03-20,12:08:45.720,38.490912 -77.926803,85.4,26.09,76,10,76,76,100,31,0,2,100,76,98,21,0.80,-0.08,-1.57,20.0,32.1,650,83,0,-6,12,317,-98,-11,-1024,-122,0,0,0,0,1024,15,-1,-1,-1,-1,-1,1,-1,-1,0x0000000000000000,8.0
2023-03-20,12:08:47.220,38.490866 -77.927152,74.5,25.50,77,10,74,74,100,31,0,2,100,81,90,18,0.87,-0.31,-1.78,21.2,18.9,661,83,0,-9,-5,59,-1,-11,-1024,-122,0,0,0,0,1024,15,-1,-1,-1,-1,-1,1,-1,-1,0x0000000000000000,8.0
2023-03-20,12:08:48.720,38.490845 -77.927245,74.9,25.13,76,10,78,78,100,29,0,1,100,78,100,22,0.86,-0.20,-1.86,21.1,21.7,667,83,0,-5,-11,152,2,-11,-1024,-122,0,0,0,0,1024,15,-1,-1,-1,-1,-1,1,-1,-1,0x0000000000000000,8.0
2023-03-20,12:08:50.220,38.490660 -77.927734,78.6,23.86,70,10,84,84,100,21,0,1,100,80,100,25,0.87,-0.12,-1.94,21.0,21.8,673,83,0,-4,-22,158,8,-11,-1024,-122,0,0,0,0,1024,15,-1,-1,-1,-1,-1,1,-1,-1,0x0000000000000000,8.0
2023-03-20,12:08:51.720,38.490553 -77.927948,79.5,23.61,66,9,76,76,100,31,0,1,100,75,100,23,0.86,0.01,-1.99,21.0,21.9,680,83,0,-2,-66,180,-1,-11,-1024,-122,0,0,0,0,1024,15,-1,-1,-1,-1,-1,1,-1,-1,0x0000000000000000,8.0
2023-03-20,12:08:53.220,38.490421 -77.928214,82.2,23.95,62,10,83,83,100,24,0,1,25,86,100,17,0.78,0.04,-1.99,20.9,23.9,693,82,0,-36,-5,223,220,-11,-1024,-122,0,0,0,0,1024,15,-1,-1,-1,-1,-1,1,-1,-1,0x0000000000000000,8.0
2023-03-20,12:08:54.720,38.490226 -77.928670,79.6,24.49,59,10,92,92,100,12,-2,1,25,83,98,20,0.64,0.08,-2.05,20.7,27.8,701,82,0,-5,4,543,-37,-11,-1024,-122,0,0,0,0,1024,15,-1,-1,-1,-1,-1,1,-1,-1,0x0000000000000000,8.0
2023-03-20,12:08:56.220,38.490145 -77.928910,83.2,24.62,62,10,85,85,100,22,-2,1,25,81,100,22,0.64,-0.03,-2.03,19.3,42.9,722,81,0,-6,95,721,-2,-11,-1024,-122,0,0,0,0,1024,15,-1,-1,-1,-1,-1,1,-1,-1,0x0000000000000000,8.0
2023-03-20,12:08:57.720,38.489919 -77.929409,80.9,23.18,80,10,91,91,100,10,-2,1,25,85,100,13,0.72,-0.23,-2.02,19.0,39.1,737,81,0,-8,-51,459,2,-11,-1024,-122,0,0,0,0,1024,15,-1,-1,-1,-1,-1,1,-1,-1,0x0000000000000000,8.0
2023-03-20,12:08:59.220,38.489798 -77.929606,77.1,23.04,84,10,84,84,100,10,-2,1,100,89,100,14,0.88,-0.22,-2.06,20.1,27.5,754,81,0,-55,-51,423,66,-11,-1024,-122,0,0,0,0,1024,15,-1,-1,-1,-1,-1,1,-1,-1,0x0000000000000000,8.0
2023-03-20,12:09:00.720,38.489673 -77.929800,78.6,22.96,86,10,86,86,100,19,-2,1,25,79,96,20,0.88,-0.22,-2.06,20.1,27.5,754,81,0,-8,-17,544,-4,-11,-1024,-122,0,0,0,0,1024,15,-1,-1,-1,-1,-1,1,-1,-1,0x0000000000000000,8.0
2023-03-20,12:09:02.220,38.489401 -77.930270,85.5,23.60,89,10,95,95,100,9,-2,1,100,79,100,20,0.81,-0.04,-2.22,19.5,37.2,773,80,0,-5,-17,668,-100,-11,-1024,-122,0,0,0,0,1024,15,-1,-1,-1,-1,-1,1,-1,-1,0x0000000000000000,8.0
2023-03-20,12:09:03.720,38.489256 -77.930544,87.3,23.41,93,10,88,88,100,9,-2,1,100,86,100,17,0.80,-0.17,-2.22,18.9,40.2,797,80,0,-5,-31,639,-59,-11,-1024,-122,0,0,0,0,1024,15,-1,-1,-1,-1,-1,1,-1,-1,0x0000000000000000,8.0
2023-03-20,12:09:05.220,38.488977 -77.930954,83.6,22.26,101,10,83,83,100,21,-2,1,100,82,100,22,0.80,-0.18,-2.28,18.9,40.1,809,79,0,-5,-32,639,-107,-11,-1024,-122,0,0,0,0,1024,15,-1,-1,-1,-1,-1,1,-1,-1,0x0000000000000000,8.0
2023-03-20,12:09:06.720,38.488814 -77.931122,84.5,21.47,104,10,82,82,100,24,-3,1,100,83,100,19,0.81,-0.34,-2.41,18.8,39.2,832,79,0,-5,-62,639,-101,-11,-1024,-122,0,0,0,0,1024,15,-1,-1,-1,-1,-1,1,-1,-1,0x0000000000000000,8.0
2023-03-20,12:09:08.220,38.488630 -77.931256,85.3,20.37,107,10,82,82,100,24,-3,1,100,88,100,15,0.77,-0.37,-2.59,18.8,39.9,845,78,0,-5,-1,639,0,-11,-1024,-122,0,0,0,0,1024,15,-1,-1,-1,-1,-1,1,-1,-1,0x0000000000000000,8.0
2023-03-20,12:09:09.720,38.488150 -77.931383,91.4,18.12,111,11,96,96,98,7,-3,1,100,90,98,13,0.71,-0.36,-2.72,18.8,39.0,856,78,0,-119,-11,638,-52,-11,-1024,-122,0,0,0,0,1024,15,-1,-1,-1,-1,-1,1,-1,-1,0x0000000000000000,8.0
2023-03-20,12:09:11.220,38.488150 -77.931383,91.4,18.12,111,11,87,87,100,16,-3,1,100,91,96,10,0.80,-0.30,-3.04,18.8,39.0,856,78,0,-141,-1,638,25,-11,-1024,-122,0,0,0,0,1024,15,-1,-1,-1,-1,-1,1,-1,-1,0x0000000000000000,8.0
2023-03-20,12:09:12.720,38.487643 -77.931322,92.4,16.93,113,11,98,98,92,7,-3,1,100,91,96,10,0.87,-0.09,2.88,18.8,39.0,856,78,0,-115,1,578,48,-11,-1024,-122,0,0,0,0,1024,15,-1,-1,-1,-1,-1,1,-1,-1,0x0000000000000000,8.0
2023-03-20,12:09:14.220,38.487143 -77.931175,94.2,16.59,111,11,89,89,100,17,-3,1,100,91,100,12,0.85,0.30,2.52,19.0,34.8,910,77,0,-5,-109,563,2,-11,-1024,-122,0,0,0,0,1024,15,-1,-1,-1,-1,-1,1,-1,-1,0x0000000000000000,8.0
2023-03-20,12:09:15.720,38.486684 -77.931029,95.0,16.60,107,11,93,93,96,7,-4,1,100,93,92,8,0.85,0.30,2.52,19.0,34.8,910,77,0,-5,-106,384,0,-11,-1024,-122,0,0,0,0,1024,15,-1,-1,-1,-1,-1,1,-1,-1,0x0000000000000000,8.0
2023-03-20,12:09:17.220,38.486684 -77.931029,95.0,16.60,107,11,93,93,96,15,-3,1,100,98,92,5,0.85,0.30,2.52,19.3,28.1,930,76,0,-5,6,212,-32,-11,-1024,-122,0,0,0,0,1024,15,-1,-1,-1,-1,-1,1,-1,-1,0x0000000000000000,8.0
2023-03-20,12:09:18.720,38.486241 -77.930889,87.8,16.46,103,12,100,100,98,6,-3,1,100,99,94,9,0.85,0.30,2.52,20.1,21.1,946,76,0,-5,1,101,-4,-11,-1024,-122,0,0,0,0,1024,15,-1,-1,-1,-1,-1,1,-1,-1,0x0000000000000000,8.0
2023-03-20,12:09:20.220,38.485777 -77.930722,88.2,16.44,101,12,97,97,94,-2,-5,1,100,102,98,4,0.78,0.00,2.90,20.1,21.1,946,76,0,-5,-41,248,0,-11,-1024,-122,0,0,0,0,1024,15,-1,-1,-1,-1,-1,1,-1,-1,0x0000000000000000,8.0
2023-03-20,12:09:21.720,38.485777 -77.930722,88.2,16.44,101,12,91,91,100,14,-3,1,100,90,98,14,0.78,0.00,2.90,20.1,24.5,965,75,0,-5,0,243,-94,-11,-1024,-122,0,0,0,0,1024,15,-1,-1,-1,-1,-1,1,-1,-1,0x0000000000000000,8.0
2023-03-20,12:09:23.220,38.485081 -77.930510,86.8,16.65,104,12,91,91,96,14,-3,1,100,94,100,9,0.79,-0.08,2.93,20.1,24.5,972,75,0,-5,-1,243,-79,-11,-1024,-122,0,0,0,0,1024,15,-1,-1,-1,-1,-1,1,-1,-1,0x0000000000000000,8.0
2023-03-20,12:09:24.720,38.485081 -77.930510,86.8,16.65,104,12,92,92,96,15,-3,1,100,89,90,11,0.81,-0.21,2.91,20.1,24.6,979,75,0,-5,-95,246,-60,-11,-1024,-122,0,0,0,0,1024,15,-1,-1,-1,-1,-1,1,-1,-1,0x0000000000000000,8.0
2023-03-20,12:09:26.220,38.485081 -77.930510,86.8,16.65,104,12,86,86,100,22,-5,1,100,86,100,15,0.66,-0.22,2.77,20.0,26.1,993,75,0,-54,-96,501,4,-11,-1024,-122,0,0,0,0,1024,15,-1,-1,-1,-1,-1,1,-1,-1,0x0000000000000000,8.0
2023-03-20,12:09:27.720,38.484251 -77.930012,89.0,14.01,114,11,96,96,100,10,-5,1,100,88,100,14,0.37,-0.15,2.58,19.4,38.6,1003,74,0,-26,-59,607,4,-11,-1024,-122,0,0,0,0,1024,15,-1,-1,-1,-1,-1,1,-1,-1,0x0000000000000000,8.0
2023-03-20,12:09:29.220,38.484097 -77.929820,83.8,13.15,124,11,86,86,100,18,-5,1,100,87,100,14,0.06,-0.09,2.46,18.4,43.8,1029,74,0,-58,5,600,99,-11,-1024,-122,0,0,0,0,1024,15,-1,-1,-1,-1,-1,1,-1,-1,0x0000000000000000,8.0
2023-03-20,12:09:30.720,38.483928 -77.929424,40.1,9.28,162,12,95,95,100,10,-5,1,100,86,100,15,0.48,0.22,1.97,18.4,41.3,1041,73,0,-6,135,-343,-5,-11,-1024,-122,0,0,0,0,1024,15,-1,-1,-1,-1,-1,1,-1,-1,0x0000000000000000,8.0
2023-03-20,12:09:32.220,38.483930 -77.929321,29.2,9.29,181,13,90,90,100,18,-5,1,100,87,100,14,0.83,0.28,1.79,21.3,6.7,1049,73,0,-5,48,-302,-60,-11,-1024,-122,0,0,0,0,1024,15,-1,-1,-1,-1,-1,1,-1,-1,0x0000000000000000,8.0
2023-03-20,12:09:33.720,38.483899 -77.929116,39.7,11.49,194,13,95,95,100,12,-4,1,25,91,100,11,0.84,0.07,1.78,21.4,7.5,1051,73,0,-5,6,-69,-5,-11,-1024,-122,0,0,0,0,1024,15,-1,-1,-1,-1,-1,1,-1,-1,0x0000000000000000,8.0
2023-03-20,12:09:35.220,38.483899 -77.929116,39.7,11.49,194,13,91,91,98,14,-3,1,100,99,94,5,0.86,0.00,1.81,21.0,15.2,1055,73,0,-5,2,-69,0,-11,-1024,-122,0,0,0,0,1024,15,-1,-1,-1,-1,-1,1,-1,-1,0x0000000000000000,8.0
2023-03-20,12:09:36.720,38.483899 -77.929116,39.7,11.49,194,13,108,108,98,17,-3,1,100,89,98,10,0.86,0.00,1.81,21.0,14.6,1064,73,0,-5,2,-69,-104,-11,-1024,-122,0,0,0,0,1024,15,-1,-1,-1,-1,-1,1,-1,-1,0x0000000000000000,8.0
2023-03-20,12:09:38.220,38.483513 -77.928350,83.0,12.60,179,14,87,87,100,21,-2,1,100,87,100,13,0.76,-0.16,2.03,21.0,14.7,1068,73,0,-5,-103,-69,-107,-11,-1024,-122,0,0,0,0,1024,15,-1,-1,-1,-1,-1,1,-1,-1,0x0000000000000000,8.0
2023-03-20,12:09:39.720,38.483513 -77.928350,83.0,12.60,179,14,99,99,100,9,-3,1,100,95,98,6,0.76,-0.16,2.03,21.0,15.6,1077,73,0,-5,-2,-69,-19,-11,-1024,-122,0,0,0,0,1024,15,-1,-1,-1,-1,-1,1,-1,-1,0x0000000000000000,8.0
2023-03-20,12:09:41.220,38.483513 -77.928350,83.0,12.60,179,14,96,96,96,9,-5,1,100,96,90,4,0.76,-0.16,2.03,21.0,15.6,1077,73,0,-5,-86,96,-4,-11,-1024,-122,0,0,0,0,1024,15,-1,-1,-1,-1,-1,1,-1,-1,0x0000000000000000,8.0
2023-03-20,12:09:42.720,38.483513 -77.928350,83.0,12.60,179,14,99,99,88,5,-3,1,100,95,96,7,0.30,-0.39,1.85,20.6,21.1,1093,72,0,-5,-17,80,-65,-11,-1024,-122,0,0,0,0,1024,15,-1,-1,-1,-1,-1,1,-1,-1,0x0000000000000000,8.0
2023-03-20,12:09:44.220,38.483513 -77.928350,83.0,12.60,179,14,99,99,96,5,-5,1,100,97,96,3,0.30,-0.39,1.85,20.6,21.1,1093,72,0,-73,-14,23,-97,-11,-1024,-122,0,0,0,0,1024,15,-1,-1,-1,-1,-1,1,-1,-1,0x0000000000000000,8.0
2023-03-20,12:09:45.720,38.483513 -77.928350,83.0,12.60,179,14,100,100,92,3,-3,1,100,97,94,4,0.26,-0.50,1.72,20.8,17.8,1104,72,0,-108,6,35,4,-11,-1024,-122,0,0,0,0,1024,15,-1,-1,-1,-1,-1,1,-1,-1,0x0000000000000000,8.0
2023-03-20,12:09:47.220,38.483513 -77.928350,83.0,12.60,179,14,97,97,94,5,-3,1,100,100,92,4,0.26,-0.50,1.72,20.8,17.8,1104,72,0,-26,23,47,2,-11,-1024,-122,0,0,0,0,1024,15,-1,-1,-1,-1,-1,1,-1,-1,0x0000000000000000,8.0
2023-03-20,12:09:48.720,38.483513 -77.928350,83.0,12.60,179,14,102,102,96,2,-5,1,100,98,90,4,0.26,-0.50,1.72,20.8,17.8,1104,72,0,-5,53,29,1,-11,-1024,-122,0,0,0,0,1024,15,-1,-1,-1,-1,-1,1,-1,-1,0x0000000000000000,8.0
2023-03-20,12:09:50.220,38.483513 -77.928350,83.0,12.60,179,14,100,100,94,3,-5,1,100,102,76,1,0.77,0.03,0.95,20.8,17.8,1104,72,0,-5,56,-71,0,-11,-1024,-122,0,0,0,0,1024,15,-1,-1,-1,-1,-1,1,-1,-1,0x0000000000000000,8.0
2023-03-20,12:09:51.720,38.483513 -77.928350,83.0,12.60,179,14,100,100,94,3,-5,1,100,106,74,0,0.77,0.03,0.95,20.8,17.8,1104,72,0,-5,-65,-100,2,-11,-1024,-122,0,0,0,0,1024,15,-1,-1,-1,-1,-1,1,-1,-1,0x0000000000000000,8.0
2023-03-20,12:09:53.220,38.483513 -77.928350,83.0,12.60,179,14,100,100,94,3,-3,1,100,98,78,7,0.77,0.03,0.95,20.8,17.8,1104,72,0,-5,0,-99,2,-11,-1024,-122,0,0,0,0,1024,15,-1,-1,-1,-1,-1,1,-1,-1,0x0000000000000000,8.0
2023-03-20,12:09:54.720,38.483513 -77.928350,83.0,12.60,179,14,96,96,100,7,-5,1,100,95,100,7,0.67,0.00,1.21,21.1,14.8,1147,71,0,-5,1,-91,1,-11,-1024,-122,0,0,0,0,1024,15,-1,-1,-1,-1,-1,1,-1,-1,0x0000000000000000,8.0
2023-03-20,12:09:56.220,38.483629 -77.923650,94.1,7.94,155,14,97,97,98,5,-3,1,100,93,100,8,0.66,-0.01,1.27,21.1,14.8,1147,71,0,-5,-103,-45,0,-11,-1024,-122,0,0,0,0,1024,15,-1,-1,-1,-1,-1,1,-1,-1,0x0000000000000000,8.0
2023-03-20,12:09:57.720,38.483736 -77.922983,99.5,7.77,147,14,93,93,100,12,-3,1,100,91,100,11,0.51,0.00,1.29,20.9,16.7,1162,70,0,-5,6,-43,-2,-11,-1024,-122,0,0,0,0,1024,15,-1,-1,-1,-1,-1,1,-1,-1,0x0000000000000000,8.0
2023-03-20,12:09:59.220,38.483799 -77.922680,96.8,7.68,147,13,93,93,96,4,-3,1,100,91,76,5,0.51,0.00,1.29,20.9,16.7,1162,70,0,-5,-82,-16,-171,-11,-1024,-122,0,0,0,0,1024,15,-1,-1,-1,-1,-1,1,-1,-1,0x0000000000000000,8.0
2023-03-20,12:10:00.720,38.483799 -77.922680,96.8,7.68,147,13,88,88,100,12,-3,1,100,93,98,10,0.61,-0.45,1.26,20.9,17.9,1177,70,0,-168,-143,10,-1,-11,-1024,-122,0,0,0,0,1024,15,-1,-1,-1,-1,-1,1,-1,-1,0x0000000000000000,8.0
2023-03-20,12:10:02.220,38.484116 -77.921822,100.5,3.68,148,14,92,92,98,12,-5,1,100,94,98,7,0.36,-0.73,0.35,20.8,19.2,1182,70,0,-190,1,40,80,-11,-1024,-122,0,0,0,0,1024,15,-1,-1,-1,-1,-1,1,-1,-1,0x0000000000000000,8.0
2023-03-20,12:10:03.720,38.484116 -77.921822,100.5,3.68,148,14,93,93,100,12,-5,1,100,95,88,7,0.54,-0.22,-0.12,20.8,19.2,1182,70,0,-84,6,53,1,-11,-1024,-122,0,0,0,0,1024,15,-1,-1,-1,-1,-1,1,-1,-1,0x0000000000000000,8.0
2023-03-20,12:10:05.220,38.484116 -77.921822,100.5,3.68,148,14,95,95,98,10,-2,1,100,93,92,8,0.54,-0.22,-0.12,20.6,21.2,1199,70,0,-5,-209,116,1,-11,-1024,-122,0,0,0,0,1024,15,-1,-1,-1,-1,-1,1,-1,-1,0x0000000000000000,8.0
2023-03-20,12:10:06.720,38.485439 -77.921664,96.8,-29.98,143,15,84,84,100,17,-3,1,100,84,100,19,0.54,-0.22,-0.12,20.4,24.0,1206,69,0,-5,152,259,-4,-11,-1024,-122,0,0,0,0,1024,15,-1,-1,-1,-1,-1,1,-1,-1,0x0000000000000000,8.0
2023-03-20,12:10:08.220,38.485672 -77.921693,93.1,-30.19,149,13,86,86,100,19,-3,1,25,73,100,25,0.77,0.11,-0.21,20.0,24.8,1222,69,0,-5,9,206,0,-11,-1024,-122,0,0,0,0,1024,15,-1,-1,-1,-1,-1,1,-1,-1,0x0000000000000000,8.0
2023-03-20,12:10:09.720,38.486146 -77.921762,96.6,-30.14,166,15,79,79,100,20,-3,1,25,71,100,33,0.96,0.14,-0.24,20.5,18.2,1227,69,0,-5,-95,-7,0,-11,-1024,-122,0,0,0,0,1024,15,-1,-1,-1,-1,-1,1,-1,-1,0x0000000000000000,8.0
2023-03-20,12:10:11.220,38.486386 -77.921788,97.2,-30.03,166,14,78,78,100,25,-3,1,25,74,100,22,0.86,0.24,-0.16,20.8,15.2,1231,69,0,20,-1,0,292,-12,-1024,-122,0,0,0,0,1024,15,-1,-1,-1,-1,-1,1,-1,-1,0x0000000000000000,8.0
2023-03-20,12:10:12.720,38.486674 -77.921808,96.2,0.14,161,15,84,84,100,18,-3,1,25,77,100,26,0.86,1.29,-0.05,20.7,19.1,1241,68,0,10,-91,20,297,-11,-1024,-122,0,0,0,0,1024,15,-1,-1,-1,-1,-1,1,-1,-1,0x0000000000000000,8.0
2023-03-20,12:10:14.220,38.487066 -77.921438,80.5,7.94,137,15,81,81,100,22,-3,1,25,88,100,13,1.24,2.29,0.60,20.6,20.2,1247,68,0,-82,-172,76,-412,-11,-1024,-122,0,0,0,0,1024,15,-1,-1,-1,-1,-1,1,-1,-1,0x0000000000000000,8.0
2023-03-20,12:10:15.720,38.487066 -77.921438,80.5,7.94,137,15,91,91,98,13,-3,1,100,92,94,9,1.24,2.29,0.60,20.2,23.4,1260,68,0,-104,-189,155,-71,-11,-1024,-122,0,0,0,0,1024,15,-1,-1,-1,-1,-1,1,-1,-1,0x0000000000000000,8.0
2023-03-20,12:10:17.220,38.487121 -77.920833,112.3,6.50,102,15,99,99,100,4,-5,1,100,86,98,13,0.37,-0.37,1.13,20.0,26.7,1268,68,0,-126,2,215,-4,-11,-1024,-122,0,0,0,0,1024,15,-1,-1,-1,-1,-1,1,-1,-1,0x0000000000000000,8.0
2023-03-20,12:10:18.720,38.487121 -77.920833,112.3,6.50,102,15,84,84,100,16,-6,1,100,90,94,12,0.42,-0.32,0.73,20.0,25.1,1284,67,0,-104,114,259,-2,-11,-1024,-122,0,0,0,0,1024,15,-1,-1,-1,-1,-1,1,-1,-1,0x0000000000000000,8.0
2023-03-20,12:10:20.220,38.487735 -77.920229,88.4,1.60,105,14,85,85,100,22,-5,1,25,76,100,23,0.78,-0.02,0.20,20.0,23.6,1290,67,0,-5,70,114,53,-11,-1024,-122,0,0,0,0,1024,15,-1,-1,-1,-1,-1,1,-1,-1,0x0000000000000000,8.0
2023-03-20,12:10:21.720,38.488161 -77.920106,85.9,1.08,109,14,94,94,100,12,-5,1,100,94,100,9,1.04,0.54,0.09,20.5,16.3,1296,67,0,-4,-25,171,198,-12,-1024,-122,0,0,0,0,1024,15,-1,-1,-1,-1,-1,1,-1,-1,0x0000000000000000,8.0
2023-03-20,12:10:23.220,38.488410 -77.920025,88.6,2.24,103,14,92,92,100,12,-5,1,100,86,100,7,0.97,0.78,0.41,19.8,30.0,1309,67,0,99,-82,445,206,-11,-1024,-122,0,0,0,0,1024,15,-1,-1,-1,-1,-1,1,-1,-1,0x0000000000000000,8.0
2023-03-20,12:10:24.720,38.488797 -77.919499,114.9,6.85,93,15,84,84,100,18,-5,1,25,79,100,22,0.79,0.76,0.72,19.2,35.4,1319,67,0,44,0,357,-136,-11,-1024,-122,0,0,0,0,1024,15,-1,-1,-1,-1,-1,1,-1,-1,0x0000000000000000,8.0
2023-03-20,12:10:26.220,38.488827 -77.919136,112.5,9.88,92,14,82,82,100,18,-3,1,25,83,98,14,0.98,-0.03,2.58,19.1,32.6,1329,66,0,1,-2,393,134,-11,-1024,-122,0,0,0,0,1024,15,-1,-1,-1,-1,-1,1,-1,-1,0x0000000000000000,8.0
2023-03-20,12:10:27.720,38.488752 -77.918791,111.8,11.18,92,15,93,93,100,11,-3,1,25,84,100,19,0.89,0.14,2.75,19.2,29.3,1348,66,0,-4,1,593,-164,-11,-1024,-122,0,0,0,0,1024,15,-1,-1,-1,-1,-1,1,-1,-1,0x0000000000000000,8.0
2023-03-20,12:10:29.220,38.488397 -77.918248,100.1,13.97,101,14,80,80,100,15,-3,1,25,75,100,23,0.82,-0.63,2.61,18.7,39.7,1358,66,0,-20,-213,83,-120,-11,-1024,-122,0,0,0,0,1024,15,-1,-1,-1,-1,-1,1,-1,-1,0x0000000000000000,8.0
2023-03-20,12:10:30.720,38.488226 -77.918015,98.3,12.58,108,15,81,81,100,16,-3,1,25,77,100,26,0.51,-0.68,2.13,20.0,18.8,1374,65,0,-141,-88,88,0,-11,-1024,-122,0,0,0,0,1024,15,-1,-1,-1,-1,-1,1,-1,-1,0x0000000000000000,8.0
2023-03-20,12:10:32.220,38.488120 -77.917447,95.3,7.99,110,14,91,91,100,12,-3,1,25,82,100,17,0.51,-0.51,1.27,20.0,21.2,1381,65,0,-73,121,386,-4,-11,-1024,-122,0,0,0,0,1024,15,-1,-1,-1,-1,-1,1,-1,-1,0x0000000000000000,8.0
2023-03-20,12:10:33.720,38.488229 -77.917101,102.4,5.90,113,14,91,91,100,13,-3,1,25,83,100,20,0.73,-0.47,1.19,19.3,28.3,1397,65,0,-171,5,328,-43,-11,-1024,-122,0,0,0,0,1024,15,-1,-1,-1,-1,-1,1,-1,-1,0x0000000000000000,8.0
2023-03-20,12:10:35.220,38.488572 -77.916532,100.4,4.71,117,14,93,93,100,7,-3,1,25,83,100,17,0.85,-0.13,0.71,19.6,24.8,1404,64,0,-57,-176,66,-2,-11,-1024,-122,0,0,0,0,1024,15,-1,-1,-1,-1,-1,1,-1,-1,0x0000000000000000,8.0
2023-03-20,12:10:36.720,38.488746 -77.916307,99.7,4.29,114,14,94,94,100,10,-3,1,25,85,100,17,0.69,-0.05,0.51,19.9,23.4,1416,64,0,-62,-56,261,-59,-11,-1024,-122,0,0,0,0,1024,15,-1,-1,-1,-1,-1,1,-1,-1,0x0000000000000000,8.0
2023-03-20,12:10:38.220,38.488935 -77.916099,102.1,3.88,112,14,99,99,100,9,-4,1,100,96,94,7,0.67,-0.02,0.45,19.5,28.8,1424,64,0,-79,-68,149,0,-11,-1024,-122,0,0,0,0,1024,15,-1,-1,-1,-1,-1,1,-1,-1,0x0000000000000000,8.0
2023-03-20,12:10:39.720,38.488935 -77.916099,102.1,3.88,112,14,99,99,100,9,-5,1,100,96,88,6,0.67,-0.02,0.45,19.5,28.8,1424,64,0,-5,-217,514,-6,-11,-1024,-122,0,0,0,0,1024,15,-1,-1,-1,-1,-1,1,-1,-1,0x0000000000000000,8.0
2023-03-20,12:10:41.220,38.488935 -77.916099,102.1,3.88,112,14,92,92,100,14,-3,1,100,97,100,5,0.67,-0.02,0.45,18.0,49.2,1452,63,0,-5,168,702,-4,-11,-1024,-122,0,0,0,0,1024,15,-1,-1,-1,-1,-1,1,-1,-1,0x0000000000000000,8.0
2023-03-20,12:10:42.720,38.488935 -77.916099,102.1,3.88,112,14,92,92,100,14,-3,1,100,96,86,5,0.67,-0.02,0.45,18.0,49.2,1452,63,0,-61,0,14,-310,-11,-1024,-122,0,0,0,0,1024,15,-1,-1,-1,-1,-1,1,-1,-1,0x0000000000000000,8.0
2023-03-20,12:10:44.220,38.490164 -77.915112,72.5,2.32,150,15,84,84,100,14,-3,1,100,83,100,17,0.63,-0.91,0.27,19.6,25.7,1475,63,0,-107,-175,286,-116,-11,-1024,-122,0,0,0,0,1024,15,-1,-1,-1,-1,-1,1,-1,-1,0x0000000000000000,8.0
2023-03-20,12:10:45.720,38.490336 -77.915097,74.2,-30.94,154,15,88,88,100,17,-3,1,25,86,100,16,0.47,-0.84,-0.21,19.3,27.9,1483,62,0,-165,67,306,-4,-11,-1024,-122,0,0,0,0,1024,15,-1,-1,-1,-1,-1,1,-1,-1,0x0000000000000000,8.0
2023-03-20,12:10:47.220,38.490645 -77.915459,83.9,29.96,152,15,89,89,100,11,-3,1,25,82,100,17,1.01,-0.04,-1.36,19.4,25.6,1490,62,0,-6,-69,196,-61,-11,-1024,-122,0,0,0,0,1024,15,-1,-1,-1,-1,-1,1,-1,-1,0x0000000000000000,8.0
2023-03-20,12:10:48.720,38.490734 -77.915696,81.5,29.20,147,15,88,88,100,10,-3,1,25,85,100,16,0.93,-0.09,-1.39,19.6,26.9,1504,62,0,-5,-102,455,-1,-11,-1024,-122,0,0,0,0,1024,15,-1,-1,-1,-1,-1,1,-1,-1,0x0000000000000000,8.0
2023-03-20,12:10:50.220,38.490832 -77.916291,95.9,27.47,131,15,90,90,98,10,-3,1,25,85,100,14,0.82,-0.02,-1.49,19.1,30.9,1512,62,0,-5,-51,374,2,-11,-1024,-122,0,0,0,0,1024,15,-1,-1,-1,-1,-1,1,-1,-1,0x0000000000000000,8.0
2023-03-20,12:10:51.720,38.490845 -77.916589,93.6,27.29,126,15,89,89,100,14,-3,1,25,85,100,17,0.76,0.02,-1.52,19.2,27.5,1530,61,0,-6,-49,365,2,-11,-1024,-122,0,0,0,0,1024,15,-1,-1,-1,-1,-1,1,-1,-1,0x0000000000000000,8.0
2023-03-20,12:10:53.220,38.490861 -77.917241,92.7,27.12,116,15,91,91,100,10,-3,1,25,84,100,16,0.76,0.05,-1.57,19.2,27.8,1539,61,0,-5,2,365,1,-11,-1024,-122,0,0,0,0,1024,15,-1,-1,-1,-1,-1,1,-1,-1,0x0000000000000000,8.0
2023-03-20,12:10:54.720,38.490864 -77.917531,90.2,27.06,114,14,87,87,100,12,-3,1,25,83,100,19,0.76,0.05,-1.55,19.2,27.3,1555,61,0,-5,11,365,0,-11,-1024,-122,0,0,0,0,1024,15,-1,-1,-1,-1,-1,1,-1,-1,0x0000000000000000,8.0
2023-03-20,12:10:56.220,38.490865 -77.917814,88.7,27.02,112,14,86,86,100,14,-3,1,25,84,100,16,0.80,0.04,-1.55,19.2,27.3,1563,60,0,-5,-72,365,1,-11,-1024,-122,0,0,0,0,1024,15,-1,-1,-1,-1,-1,1,-1,-1,0x0000000000000000,8.0
2023-03-20,12:10:57.720,38.490860 -77.918418,86.3,26.97,111,14,86,86,100,19,-3,1,25,82,100,21,0.78,0.02,-1.54,19.1,28.1,1571,60,0,-5,5,365,-1,-11,-1024,-122,0,0,0,0,1024,15,-1,-1,-1,-1,-1,1,-1,-1,0x0000000000000000,8.0
2023-03-20,12:10:59.220,38.490860 -77.918687,82.8,27.06,111,14,87,87,100,19,-3,1,25,81,100,17,0.80,0.00,-1.52,19.2,27.2,1587,60,0,-5,6,365,-1,-11,-1024,-122,0,0,0,0,1024,15,-1,-1,-1,-1,-1,1,-1,-1,0x0000000000000000,8.0
2023-03-20,12:11:00.720,38.490873 -77.919260,83.5,27.29,112,14,85,85,100,18,-3,1,25,81,100,21,0.79,-0.01,-1.51,19.1,27.8,1595,60,0,-5,6,365,-1,-11,-1024,-122,0,0,0,0,1024,15,-1,-1,-1,-1,-1,1,-1,-1,0x0000000000000000,8.0
2023-03-20,12:11:02.220,38.490886 -77.919524,83.6,27.39,113,14,79,79,100,22,-3,1,25,73,100,26,0.79,-0.04,-1.49,19.1,27.4,1612,59,0,-5,5,363,0,-11,-1024,-122,0,0,0,0,1024,15,-1,-1,-1,-1,-1,1,-1,-1,0x0000000000000000,8.0
2023-03-20,12:11:03.720,38.490902 -77.919789,83.8,27.48,115,14,80,80,100,18,-3,1,25,72,100,30,0.80,-0.04,-1.49,19.1,27.3,1621,59,0,-5,4,365,1,-11,-1024,-122,0,0,0,0,1024,15,-1,-1,-1,-1,-1,1,-1,-1,0x0000000000000000,8.0
2023-03-20,12:11:05.220,38.490941 -77.920367,81.8,27.51,120,14,81,81,100,17,-3,1,25,73,100,26,0.82,-0.03,-1.48,19.1,27.1,1628,59,0,-5,4,365,1,-11,-1024,-122,0,0,0,0,1024,15,-1,-1,-1,-1,-1,1,-1,-1,0x0000000000000000,8.0
2023-03-20,12:11:06.720,38.490956 -77.920623,79.9,27.44,122,14,83,83,100,23,-3,1,25,75,100,27,0.83,-0.02,-1.49,19.1,26.9,1644,58,0,-5,4,365,0,-11,-1024,-122,0,0,0,0,1024,15,-1,-1,-1,-1,-1,1,-1,-1,0x0000000000000000,8.0
2023-03-20,12:11:08.220,38.490988 -77.921178,80.6,27.35,127,14,80,80,100,18,-3,1,25,73,100,25,0.82,-0.02,-1.49,19.0,27.9,1652,58,0,-5,4,365,1,-11,-1024,-122,0,0,0,0,1024,15,-1,-1,-1,-1,-1,1,-1,-1,0x0000000000000000,8.0
2023-03-20,12:11:09.720,38.491001 -77.921435,79.7,27.42,130,14,78,78,100,20,-3,1,25,68,100,34,0.81,-0.01,-1.49,19.0,27.0,1668,58,0,-5,4,365,1,-11,-1024,-122,0,0,0,0,1024,15,-1,-1,-1,-1,-1,1,-1,-1,0x0000000000000000,8.0
2023-03-20,12:11:11.220,38.491032 -77.921937,78.5,27.47,135,14,75,75,100,24,-3,1,25,70,100,30,0.81,-0.02,-1.48,19.0,27.1,1675,58,0,-4,4,365,1,-11,-1024,-122,0,0,0,0,1024,15,-1,-1,-1,-1,-1,1,-1,-1,0x0000000000000000,8.0
2023-03-20,12:11:12.720,38.491056 -77.922242,81.1,27.67,137,14,75,75,100,24,-3,1,25,69,100,32,0.80,-0.04,-1.46,19.0,27.0,1685,57,0,-5,4,365,1,-11,-1024,-122,0,0,0,0,1024,15,-1,-1,-1,-1,-1,1,-1,-1,0x0000000000000000,8.0
2023-03-20,12:11:14.220,38.491082 -77.922498,81.8,27.79,139,14,68,68,100,31,-3,1,25,61,100,40,0.80,-0.05,-1.45,19.0,26.5,1700,57,0,-5,4,365,1,-11,-1024,-122,0,0,0,0,1024,15,-1,-1,-1,-1,-1,1,-1,-1,0x0000000000000000,8.0
2023-03-20,12:11:15.720,38.491153 -77.923059,81.0,28.04,142,14,71,71,100,28,-3,1,25,65,100,38,0.80,-0.06,-1.42,19.0,27.0,1708,57,0,-5,4,365,0,-11,-1024,-122,0,0,0,0,1024,15,-1,-1,-1,-1,-1,1,-1,-1,0x0000000000000000,8.0
2023-03-20,12:11:17.220,38.491191 -77.923315,82.4,28.10,142,14,71,71,100,32,-3,1,25,66,100,35,0.91,-0.08,-1.40,19.0,25.0,1723,56,0,-5,-256,365,11,-11,-1024,-122,0,0,0,0,1024,15,-1,-1,-1,-1,-1,1,-1,-1,0x0000000000000000,8.0
2023-03-20,12:11:18.720,38.491282 -77.923887,86.0,28.11,140,14,79,79,100,20,-3,1,25,80,100,26,0.95,-0.09,-1.39,19.1,26.5,1730,56,0,-183,-82,340,-258,-11,-1024,-122,0,0,0,0,1024,15,-1,-1,-1,-1,-1,1,-1,-1,0x0000000000000000,8.0
2023-03-20,12:11:20.220,38.491282 -77.923887,86.0,28.11,140,14,78,78,100,25,-3,1,100,77,98,23,1.00,-0.47,-2.48,18.2,36.7,1749,56,0,-6,-91,562,-159,-11,-1024,-122,0,0,0,0,1024,15,-1,-1,-1,-1,-1,1,-1,-1,0x0000000000000000,8.0
2023-03-20,12:11:21.720,38.491132 -77.924346,86.1,21.09,134,14,74,74,100,31,-3,1,100,74,100,28,0.82,0.00,-3.10,18.0,36.3,1761,55,0,-5,4,554,1,-11,-1024,-122,0,0,0,0,1024,15,-1,-1,-1,-1,-1,1,-1,-1,0x0000000000000000,7.9
2023-03-20,12:11:23.220,38.490668 -77.924489,87.7,18.28,138,13,89,89,100,16,-3,1,25,76,100,23,0.82,0.09,-3.11,18.2,33.7,1771,55,0,-5,4,554,1,-11,-1024,-122,0,0,0,0,1024,15,-1,-1,-1,-1,-1,1,-1,-1,0x0000000000000000,7.9
2023-03-20,12:11:24.720,38.490446 -77.924493,88.1,17.90,141,14,81,81,100,27,-3,1,100,72,100,30,0.82,0.11,-3.13,18.2,33.6,1791,55,0,-5,4,554,0,-11,-1024,-122,0,0,0,0,1024,15,-1,-1,-1,-1,-1,1,-1,-1,0x0000000000000000,7.9
2023-03-20,12:11:26.220,38.489951 -77.924463,94.0,17.55,147,13,80,80,100,2,-3,1,100,75,100,31,0.80,0.11,3.14,18.2,33.5,1801,54,0,-5,4,554,1,-11,-1024,-122,0,0,0,0,1024,15,-1,-1,-1,-1,-1,1,-1,-1,0x0000000000000000,7.9
2023-03-20,12:11:27.720,38.489710 -77.924434,97.7,17.34,150,13,73,73,100,32,-3,1,25,65,100,37,0.82,0.11,3.11,18.1,32.9,1820,54,0,-5,6,554,0,-11,-1024,-122,0,0,0,0,1024,15,-1,-1,-1,-1,-1,1,-1,-1,0x0000000000000000,7.9
2023-03-20,12:11:29.220,38.489185 -77.924349,95.6,17.21,158,13,87,87,100,12,-3,1,25,63,100,34,0.83,0.11,3.10,18.2,33.2,1829,54,0,-5,-186,554,-67,-11,-1024,-122,0,0,0,0,1024,15,-1,-1,-1,-1,-1,1,-1,-1,0x0000000000000000,7.9
2023-03-20,12:11:30.720,38.489016 -77.924193,72.9,10.60,151,13,74,74,100,28,-3,1,25,68,100,34,1.18,-1.05,1.15,18.0,35.5,1840,54,0,-5,-217,612,-2,-11,-1024,-122,0,0,0,0,1024,15,-1,-1,-1,-1,-1,1,-1,-1,0x0000000000000000,7.9
2023-03-20,12:11:32.220,38.489083 -77.923975,91.9,4.08,131,13,74,74,100,29,-4,1,25,66,100,37,0.94,-0.13,0.22,17.3,39.3,1867,53,0,-5,4,612,0,-11,-1024,-122,0,0,0,0,1024,15,-1,-1,-1,-1,-1,1,-1,-1,0x0000000000000000,7.9
2023-03-20,12:11:33.720,38.489681 -77.923645,117.7,1.81,114,13,71,71,100,36,-3,1,25,65,100,38,0.96,-0.12,0.27,17.6,36.1,1877,53,0,-5,4,612,0,-11,-1024,-122,0,0,0,0,1024,15,-1,-1,-1,-1,-1,1,-1,-1,0x0000000000000000,7.9
2023-03-20,12:11:35.220,38.489962 -77.923538,113.9,1.57,111,13,69,69,100,34,-3,1,25,61,100,42,0.99,-0.29,0.25,18.2,30.1,1897,52,0,-6,-338,607,-75,-11,-1024,-122,0,0,0,0,1024,15,-1,-1,-1,-1,-1,1,-1,-1,0x0000000000000000,7.9
2023-03-20,12:11:36.720,38.490530 -77.923557,90.6,32.17,105,14,67,67,100,35,-3,1,25,62,100,41,0.60,-0.62,-0.35,17.2,46.1,1908,52,0,-134,-131,700,-193,-11,-1024,-122,0,0,0,0,1024,15,-1,-1,-1,-1,-1,1,-1,-1,0x0000000000000000,7.9
2023-03-20,12:11:38.220,38.490616 -77.923773,72.3,26.71,116,15,69,69,100,34,-3,1,25,64,100,38,0.54,-0.79,-1.84,17.4,36.0,1932,51,0,-151,-92,648,-130,-11,-1024,-122,0,0,0,0,1024,15,-1,-1,-1,-1,-1,1,-1,-1,0x0000000000000000,8.0
2023-03-20,12:11:39.720,38.490515 -77.923991,71.8,20.95,127,15,93,93,100,9,-3,1,25,87,100,17,0.60,-0.74,-2.43,17.2,39.6,1944,51,0,-210,89,641,207,-11,-1024,-122,0,0,0,0,1024,15,-1,-1,-1,-1,-1,1,-1,-1,0x0000000000000000,8.0
2023-03-20,12:11:41.220,38.490126 -77.923965,88.4,15.87,145,15,80,80,100,20,-3,1,25,68,100,36,0.79,-0.67,1.17,17.3,36.5,1957,51,0,-5,-19,582,-8,-11,-1024,-122,0,0,0,0,1024,15,-1,-1,-1,-1,-1,1,-1,-1,0x0000000000000000,8.0
2023-03-20,12:11:42.720,38.489972 -77.923811,53.7,10.73,151,14,71,71,100,32,-3,1,25,64,100,38,0.65,-1.01,1.05,17.3,39.3,1979,50,0,-5,2,582,-19,-11,-1024,-122,0,0,0,0,1024,15,-1,-1,-1,-1,-1,1,-1,-1,0x0000000000000000,8.0
2023-03-20,12:11:44.220,38.490272 -77.923642,88.2,0.54,168,15,76,76,100,24,-3,1,25,67,100,37,0.65,-0.97,0.94,17.6,33.0,1989,50,0,-5,4,582,-104,-11,-1024,-122,0,0,0,0,1024,15,-1,-1,-1,-1,-1,1,-1,-1,0x0000000000000000,8.0
2023-03-20,12:11:45.720,38.490505 -77.923631,96.4,-29.58,171,15,73,73,100,29,-3,1,25,65,100,38,0.76,-3.07,0.59,17.4,41.3,2008,49,0,-5,-212,581,282,-11,-1024,-122,0,0,0,0,1024,15,-1,-1,-1,-1,-1,1,-1,-1,0x0000000000000000,8.0
2023-03-20,12:11:47.220,38.490754 -77.923693,60.3,-31.69,158,15,67,67,100,36,-3,1,25,60,100,43,0.92,-2.75,0.39,17.4,40.1,2020,49,0,-165,-136,824,-437,-11,-1024,-122,0,0,0,0,1024,15,-1,-1,-1,-1,-1,1,-1,-1,0x0000000000000000,8.0
2023-03-20,12:11:48.720,38.490874 -77.924096,95.8,25.46,118,12,77,77,100,29,-3,1,25,71,100,33,1.17,-1.43,-2.44,16.4,48.2,2034,49,0,-6,-155,-289,-202,-11,-1024,-122,0,0,0,0,1024,15,-1,-1,-1,-1,-1,1,-1,-1,0x0000000000000000,8.0
2023-03-20,12:11:50.220,38.490687 -77.924319,81.0,19.55,92,12,75,75,100,29,-3,1,25,70,100,33,1.07,-0.76,2.32,17.9,35.2,2053,48,0,-91,-193,-117,-193,-11,-1024,-122,0,0,0,0,1024,15,-1,-1,-1,-1,-1,1,-1,-1,0x0000000000000000,8.0
2023-03-20,12:11:51.720,38.490380 -77.923932,104.1,9.99,63,10,69,69,100,36,-3,1,25,58,100,46,0.54,-0.57,0.34,18.7,15.1,2061,48,0,-126,-152,-187,-92,-11,-1024,-122,0,0,0,0,1024,15,-1,-1,-1,-1,-1,1,-1,-1,0x0000000000000000,8.0
2023-03-20,12:11:53.220,38.490545 -77.923471,50.7,2.28,66,14,61,61,100,45,-3,2,25,59,100,41,0.73,-0.69,-0.26,19.5,14.2,2071,48,0,-205,2,-83,-149,-11,-1024,-122,0,0,0,0,1024,15,-1,-1,-1,-1,-1,1,-1,-1,0x0000000000000000,8.0
2023-03-20,12:11:54.730,38.490680 -77.923521,42.3,31.68,71,13,65,65,100,39,-3,2,25,62,100,37,1.31,-0.82,-0.54,19.7,11.5,2076,48,0,-154,291,-161,86,-11,-1024,-122,0,0,0,0,1024,15,-1,-1,-1,-1,-1,1,-1,-1,0x0000000000000000,8.0
2023-03-20,12:11:56.230,38.490780 -77.923690,33.8,31.75,64,15,53,53,100,42,-3,2,25,50,100,48,1.31,-2.19,2.20,20.5,2.2,2078,48,0,-2,-39,-215,0,-11,-1024,-122,0,0,0,0,1024,15,-1,-1,-1,-1,-1,1,-1,-1,0x0000000000000000,8.0
2023-03-20,12:11:57.730,38.490916 -77.923804,61.8,31.96,44,14,53,53,100,50,-3,2,25,50,100,47,0.62,-0.50,-1.25,19.6,18.4,2085,47,0,-214,-122,-40,-254,-11,-1024,-122,0,0,0,0,1024,15,-1,-1,-1,-1,-1,1,-1,-1,0x0000000000000000,8.0
2023-03-20,12:11:59.230,38.490895 -77.924068,58.8,21.14,34,15,71,71,100,33,-3,2,25,67,99,35,0.68,-1.14,-2.95,19.4,18.6,2093,47,0,-299,-269,21,-419,-11,-1024,-122,0,0,0,0,1024,15,-1,-1,-1,-1,-1,1,-1,-1,0x0000000000000000,8.0
2023-03-20,12:12:00.730,38.490775 -77.923959,59.3,10.21,30,14,76,76,100,23,-3,2,25,56,100,42,1.08,-0.19,1.06,19.5,17.5,2100,47,0,-254,-106,0,-281,-11,-1024,-122,0,0,0,0,1024,15,-1,-1,-1,-1,-1,1,-1,-1,0x0000000000000000,8.0
2023-03-20,12:12:02.230,38.490886 -77.923715,46.9,1.04,26,14,54,54,100,51,-3,2,25,51,100,47,0.83,-0.41,-0.32,19.5,17.2,2107,47,0,-55,-2,-73,-226,-11,-1024,-122,0,0,0,0,1024,15,-1,-1,-1,-1,-1,1,-1,-1,0x0000000000000000,8.0
2023-03-20,12:12:03.730,38.491003 -77.923794,36.5,28.32,23,14,53,53,100,33,-3,2,25,49,100,49,0.64,-0.84,-1.34,19.7,15.2,2112,47,0,-297,-353,-279,-404,-11,-1024,-122,0,0,0,0,1024,15,-1,-1,-1,-1,-1,1,-1,-1,0x0000000000000000,8.0
2023-03-20,12:12:05.230,38.490927 -77.923855,22.1,14.09,17,14,61,61,100,37,-3,2,25,54,100,43,0.71,-0.28,1.06,20.3,6.6,2117,47,0,-258,-103,-366,-206,-11,-1024,-122,0,0,0,0,1024,15,-1,-1,-1,-1,-1,1,-1,-1,0x0000000000000000,8.0
2023-03-20,12:12:06.730,38.490944 -77.923831,23.4,-32.59,14,14,55,55,100,52,-3,2,100,55,99,43,0.31,-0.16,0.32,19.5,13.6,2124,46,0,216,31,-229,404,-12,-1024,-122,0,0,0,0,1024,15,-1,-1,-1,-1,-1,1,-1,-1,0x0000000000000000,8.0
2023-03-20,12:12:08.230,38.491025 -77.923875,16.0,0.63,16,15,61,61,100,43,-3,2,25,62,100,37,-0.15,0.20,1.84,20.2,13.6,2128,46,0,66,147,70,131,-11,-1024,-122,0,0,0,0,1024,15,-1,-1,-1,-1,-1,1,-1,-1,0x0000000000000000,8.0
2023-03-20,12:12:09.730,38.491055 -77.923849,11.3,6.94,17,15,68,68,100,39,-3,2,100,67,100,28,0.22,0.44,1.92,20.7,1.4,2131,46,0,-4,-249,-879,-423,-11,-1024,-122,0,0,0,0,1024,15,-1,-1,-1,-1,-1,1,-1,-1,0x0000000000000000,7.9
2023-03-20,12:12:11.230,38.491060 -77.923789,14.7,7.09,13,15,74,74,100,20,-3,2,100,57,100,39,-0.01,0.22,1.96,20.0,10.3,2136,46,0,-5,8,-495,-215,-11,-1024,-122,0,0,0,0,1024,15,-1,-1,-1,-1,-1,1,-1,-1,0x0000000000000000,7.9
2023-03-20,12:12:12.730,38.491070 -77.923750,6.1,29.31,13,15,52,52,100,55,-3,2,100,62,100,40,0.24,-0.07,2.07,20.3,4.2,2140,46,0,-5,9,-362,2,-11,-1024,-122,0,0,0,0,1024,15,-1,-1,-1,-1,-1,1,-1,-1,0x0000000000000000,7.9
2023-03-20,12:12:14.230,38.491072 -77.923737,2.4,8.85,12,14,74,74,100,30,-3,2,25,62,100,36,-0.20,3.12,-1.16,19.1,34.0,2148,46,0,-5,-226,-1024,5,-11,-1024,-122,0,0,0,0,1024,15,-1,-1,-1,-1,-1,1,-1,-1,0x0000000000000000,7.9
